# Blender v2.77 (sub 0) OBJ File: ''
# www.blender.org
mtllib laberinto.mtl
o Cube
v 3.320553 2.289710 -5.928258
v -3.213875 2.317854 -5.807712
v -3.187932 2.315186 -4.400869
v 3.346496 2.287042 -4.521416
v 3.310434 -0.041345 -5.932492
v -3.223995 -0.013201 -5.811945
v -3.198050 -0.015869 -4.405103
v 3.336377 -0.044013 -4.525649
vn 0.0043 1.0000 0.0018
vn -0.0043 -1.0000 -0.0018
vn -0.0184 0.0019 -0.9998
vn -0.9998 0.0043 0.0184
vn 0.0184 -0.0019 0.9998
vn 0.9998 -0.0043 -0.0184
usemtl Material
s off
f 1//1 2//1 3//1 4//1
f 5//2 8//2 7//2 6//2
f 1//3 5//3 6//3 2//3
f 2//4 6//4 7//4 3//4
f 3//5 7//5 8//5 4//5
f 5//6 1//6 4//6 8//6
o Cube.001
v -3.185644 2.283971 -4.436462
v -3.246644 2.312116 2.098771
v -1.839625 2.309448 2.111915
v -1.778625 2.281304 -4.423319
v -3.190070 -0.001696 -4.426659
v -3.251069 0.026449 2.108575
v -1.844050 0.023781 2.121716
v -1.783050 -0.004363 -4.413516
vn 0.0019 1.0000 -0.0043
vn -0.0019 -1.0000 0.0043
vn -1.0000 0.0019 -0.0093
vn -0.0093 0.0043 0.9999
vn 1.0000 -0.0019 0.0093
vn 0.0093 -0.0043 -0.9999
usemtl Material.001
s off
f 9//7 10//7 11//7 12//7
f 13//8 16//8 15//8 14//8
f 9//9 13//9 14//9 10//9
f 10//10 14//10 15//10 11//10
f 11//11 15//11 16//11 12//11
f 13//12 9//12 12//12 16//12
o Cube.002
v 3.276144 2.272809 1.071742
v -3.258281 2.300953 1.192288
v -3.232338 2.298285 2.599130
v 3.302087 2.270141 2.478584
v 3.266027 -0.057507 1.067509
v -3.268398 -0.029362 1.188056
v -3.242453 -0.032030 2.594898
v 3.291971 -0.060175 2.474351
vn 0.0043 1.0000 0.0018
vn -0.0043 -1.0000 -0.0018
vn -0.0184 0.0019 -0.9998
vn -0.9998 0.0043 0.0184
vn 0.0184 -0.0019 0.9998
vn 0.9998 -0.0043 -0.0184
usemtl Material.002
s off
f 17//13 18//13 19//13 20//13
f 21//14 24//14 23//14 22//14
f 17//15 21//15 22//15 18//15
f 18//16 22//16 23//16 19//16
f 19//17 23//17 24//17 20//17
f 21//18 17//18 20//18 24//18
o Cube.003
v 1.868407 2.280751 1.413307
v 1.807407 2.308896 7.948565
v 3.214427 2.306228 7.961709
v 3.275427 2.278083 1.426450
v 1.863861 -0.067178 1.423378
v 1.802861 -0.039033 7.958636
v 3.209882 -0.041701 7.971778
v 3.270882 -0.069846 1.436521
vn 0.0019 1.0000 -0.0043
vn -0.0019 -1.0000 0.0043
vn -1.0000 0.0019 -0.0093
vn -0.0093 0.0043 0.9999
vn 1.0000 -0.0019 0.0093
vn 0.0093 -0.0043 -0.9999
usemtl Material.003
s off
f 25//19 26//19 27//19 28//19
f 29//20 32//20 31//20 30//20
f 25//21 29//21 30//21 26//21
f 26//22 30//22 31//22 27//22
f 27//23 31//23 32//23 28//23
f 29//24 25//24 28//24 32//24
